Seeds: [84900, 22404, 96437, 20456, 93677, 26281, 51039, 93607]
Maximum Absolute Correlation: 0.179905

Correlation Matrix:
1.000000 0.086055 -0.121529 -0.091241 -0.163847 -0.163847 -0.122781 -0.087637
0.086055 1.000000 0.163949 0.069392 -0.050615 -0.050615 -0.094921 -0.179905
-0.121529 0.163949 1.000000 -0.030832 -0.121150 -0.081109 0.032207 -0.007079
-0.091241 0.069392 -0.030832 1.000000 -0.030832 0.129496 -0.110537 -0.094142
-0.163847 -0.050615 -0.121150 -0.030832 1.000000 0.079055 0.077066 0.111236
-0.163847 -0.050615 -0.081109 0.129496 0.079055 1.000000 0.121926 0.071798
-0.122781 -0.094921 0.032207 -0.110537 0.077066 0.121926 1.000000 0.133685
-0.087637 -0.179905 -0.007079 -0.094142 0.111236 0.071798 0.133685 1.000000

Sequence 1: [0, 0, -1, -1, 1, 1, 1, 0, 0, 1, 0, 0, 1, 0, -1, 0, 0, -1, 0, 0, 0, -1, 1, 1, -1, -1, 0, -1, -1, -1, -1, 0, -1, 1, -1, 1, -1, 0, 0]

Sequence 2: [1, 0, -1, 0, -1, 0, 0, 0, -1, -1, 1, 1, 1, 0, 0, 1, 1, 1, 1, -1, -1, 0, 1, 1, 0, 1, 1, 1, -1, -1, 0, 0, 0, 1, 1, 0, 0, 0, 0]

Sequence 3: [1, -1, -1, -1, 0, 1, -1, -1, -1, 0, -1, 0, -1, -1, 0, 1, 1, -1, 0, 1, -1, 0, 0, 0, 1, 1, 0, 1, 0, 1, 1, 1, 0, 1, 0, 0, 1, 0, -1]

Sequence 4: [1, 0, 1, 1, 0, -1, 1, -1, -1, -1, -1, 1, 1, 0, -1, -1, -1, -1, 0, -1, -1, -1, -1, 0, 0, 0, 0, -1, 1, 0, 1, -1, 0, 1, 0, -1, 0, -1, -1]

Sequence 5: [-1, -1, -1, 0, 1, -1, 0, 1, 1, 0, 1, 0, 1, 0, 0, -1, 0, 0, 1, -1, -1, -1, -1, -1, 0, 1, -1, 0, 0, 1, 1, 1, 0, -1, 1, 0, 0, 1, 1]

Sequence 6: [0, 0, 1, 0, 1, 0, 0, -1, 1, -1, 0, 0, 1, 1, 1, 1, -1, 1, 0, 1, -1, 0, 0, -1, -1, 1, -1, 0, -1, 0, 1, -1, 0, 0, -1, -1, 1, -1, 1]

Sequence 7: [1, 1, 1, 0, 0, 0, 1, -1, 1, 1, 1, 0, -1, 1, 0, 1, 0, 0, 0, 0, -1, 0, -1, 1, 0, 1, 0, 1, 0, 1, -1, 1, 0, -1, 0, 0, 1, 1, 1]

Sequence 8: [0, -1, 1, 1, 0, 0, 0, 1, 1, 0, 1, 1, -1, -1, -1, 1, -1, -1, -1, 1, 1, 0, 1, 1, -1, 1, -1, 0, 0, 0, 1, 1, 0, -1, 1, 0, 1, 0, 1]

