Seeds: [88685, 54796, 99263, 16929, 19410, 53947, 91371, 49334, 99375, 85817, 58997, 8094, 92935, 16742, 91011, 74427]
Maximum Absolute Correlation: 0.279209

Correlation Matrix:
1.000000 -0.165928 0.226067 -0.144536 -0.105140 -0.225614 -0.180937 -0.075912 0.176227 -0.187046 -0.059220 0.008671 0.243638 -0.079045 -0.264881 -0.159916
-0.165928 1.000000 0.094022 -0.059678 -0.119899 -0.151921 -0.112547 0.106875 0.122812 -0.060780 -0.034303 -0.001099 -0.026150 -0.105721 -0.211558 0.260970
0.226067 0.094022 1.000000 -0.072654 0.105701 0.097207 -0.270096 -0.093276 -0.103347 -0.133450 0.246649 -0.052304 0.216121 -0.211910 -0.035905 0.135822
-0.144536 -0.059678 -0.072654 1.000000 -0.264106 -0.106262 -0.018077 -0.087398 -0.168769 0.059678 0.092973 -0.190586 -0.008100 0.159948 0.112140 -0.041555
-0.105140 -0.119899 0.105701 -0.264106 1.000000 0.000000 -0.217908 -0.148986 -0.272369 0.159866 0.261509 0.000000 -0.075944 -0.116351 0.078855 0.073052
-0.225614 -0.151921 0.097207 -0.106262 0.000000 1.000000 0.016700 0.121030 0.166989 0.008576 -0.115667 -0.022302 0.059366 0.265126 0.089440 0.057105
-0.180937 -0.112547 -0.270096 -0.018077 -0.217908 0.016700 1.000000 -0.034963 0.054786 -0.009379 -0.166571 -0.125799 0.172278 0.042473 -0.046262 -0.020000
-0.075912 0.106875 -0.093276 -0.087398 -0.148986 0.121030 -0.034963 1.000000 0.150872 0.143212 -0.027972 0.004096 -0.060925 -0.091266 -0.239334 -0.058605
0.176227 0.122812 -0.103347 -0.168769 -0.272369 0.166989 0.054786 0.150872 1.000000 -0.079270 -0.105405 -0.062040 0.260947 -0.138679 -0.133272 -0.027550
-0.187046 -0.060780 -0.133450 0.059678 0.159866 0.008576 -0.009379 0.143212 -0.079270 1.000000 0.076109 -0.084600 -0.058837 -0.154686 -0.229659 -0.138346
-0.059220 -0.034303 0.246649 0.092973 0.261509 -0.115667 -0.166571 -0.027972 -0.105405 0.076109 1.000000 0.059566 -0.012222 -0.231971 0.045473 -0.279209
0.008671 -0.001099 -0.052304 -0.190586 0.000000 -0.022302 -0.125799 0.004096 -0.062040 -0.084600 0.059566 1.000000 0.025053 -0.078898 0.089963 0.024099
0.243638 -0.026150 0.216121 -0.008100 -0.075944 0.059366 0.172278 -0.060925 0.260947 -0.058837 -0.012222 0.025053 1.000000 -0.145910 -0.164456 0.185214
-0.079045 -0.105721 -0.211910 0.159948 -0.116351 0.265126 0.042473 -0.091266 -0.138679 -0.154686 -0.231971 -0.078898 -0.145910 1.000000 0.093317 0.256298
-0.264881 -0.211558 -0.035905 0.112140 0.078855 0.089440 -0.046262 -0.239334 -0.133272 -0.229659 0.045473 0.089963 -0.164456 0.093317 1.000000 0.083749
-0.159916 0.260970 0.135822 -0.041555 0.073052 0.057105 -0.020000 -0.058605 -0.027550 -0.138346 -0.279209 0.024099 0.185214 0.256298 0.083749 1.000000

Sequence 1: [0, 0, -1, 1, -1, -1, 1, -1, -1, -1, -1, -1, 1, 1, -1, 0, -1, 1, 0, 1, 1, -1, -1, -1, 0, 1, 0, 0, 1, 0, 0, -1, 1, -1, -1, -1, 1, -1, 1]

Sequence 2: [0, -1, -1, -1, 0, 0, 0, -1, 1, -1, 0, 0, -1, 1, 0, -1, 1, 0, -1, -1, 0, -1, 1, 0, 1, 0, -1, 0, 0, -1, 1, -1, -1, 1, 0, 1, 0, -1, -1]

Sequence 3: [-1, -1, 0, 0, 1, -1, 1, -1, 1, 1, -1, -1, -1, 0, -1, 1, -1, -1, 0, 1, 1, 0, 0, -1, 1, 0, -1, -1, 1, 0, 0, -1, -1, -1, 1, 1, 1, 0, 1]

Sequence 4: [0, 0, 1, -1, 1, 1, 1, 1, 1, -1, -1, -1, 1, -1, -1, -1, 1, -1, 0, 1, -1, 0, -1, -1, -1, -1, -1, 1, 1, -1, 0, 1, 1, 0, -1, 1, -1, 1, -1]

Sequence 5: [-1, 1, 1, -1, -1, -1, -1, 0, 0, -1, 0, 1, 0, -1, 1, 1, 0, -1, -1, 1, 1, 1, 0, 1, -1, 0, 0, -1, -1, 1, 0, -1, 0, 0, 1, 1, 1, -1, 1]

Sequence 6: [1, -1, 1, 0, 1, 0, 0, 1, 0, 1, 1, 0, 0, -1, 0, 0, -1, 0, 0, 0, -1, 0, -1, 1, 1, 0, -1, -1, 0, 1, 0, 0, 0, 1, 1, -1, 1, 0, 0]

Sequence 7: [1, 1, -1, 1, 1, 1, -1, 0, 0, 1, -1, 0, 1, -1, 1, 0, -1, 0, 0, -1, 0, 1, 1, -1, 0, 1, 0, 1, -1, 0, 1, 0, 1, 1, 1, -1, -1, 1, -1]

Sequence 8: [0, -1, -1, -1, 0, 1, -1, 0, 0, 1, 1, 0, -1, 0, 1, 0, 0, -1, -1, -1, 1, -1, -1, 1, 1, 0, -1, 1, 1, 0, -1, 0, 1, -1, -1, -1, -1, -1, 0]

Sequence 9: [1, -1, -1, 0, 0, 1, 1, 0, -1, -1, 1, 0, 0, 1, 0, -1, -1, 1, 1, 0, 1, 0, -1, 1, 1, 1, 0, 0, 0, 1, 0, -1, 0, 0, 1, 0, -1, 1, -1]

Sequence 10: [1, 1, 1, 1, 1, 1, 0, -1, 0, 0, 1, 0, 0, 0, 1, 0, 1, 0, 0, 1, 1, 0, 1, 1, -1, -1, -1, -1, 0, 0, -1, 1, 1, 0, 1, 0, -1, -1, 0]

Sequence 11: [-1, 0, 1, 0, -1, 0, 1, -1, 0, -1, -1, 1, -1, -1, -1, 1, -1, -1, -1, 0, 0, 1, 1, 1, 0, 1, -1, 0, 1, 0, -1, 1, 0, -1, 0, 1, 0, 0, -1]

Sequence 12: [0, -1, 1, -1, -1, -1, 1, 0, 0, 1, 0, 1, 0, -1, 0, -1, 0, 1, 0, -1, 0, 0, 1, 0, -1, 1, 1, 0, 1, -1, -1, -1, -1, 0, 0, -1, -1, -1, 1]

Sequence 13: [0, 0, 1, 1, -1, 0, 0, 0, -1, 0, -1, -1, -1, 0, 0, -1, -1, -1, 1, 0, 1, 0, -1, -1, 1, 1, 0, -1, 1, -1, 1, -1, 1, 1, 1, 0, -1, 0, 0]

Sequence 14: [1, 0, -1, 0, 0, -1, 0, 1, -1, 0, -1, 1, 1, -1, -1, -1, 1, -1, 0, 0, -1, 0, -1, 0, 1, -1, -1, 0, -1, 0, 0, 1, -1, 1, -1, -1, 0, 0, 1]

Sequence 15: [-1, 1, 1, -1, 0, 1, 1, 1, 0, 1, 0, 1, 0, 0, -1, 1, 1, 0, 0, -1, -1, 0, -1, -1, -1, 1, 0, -1, -1, 1, 0, 0, -1, 0, 0, 0, 0, 1, 0]

Sequence 16: [-1, -1, -1, 1, 0, -1, -1, 1, 1, 0, 0, 1, 1, 0, 0, 0, 1, -1, 1, -1, 0, -1, -1, 0, 0, 0, -1, -1, 0, -1, 1, -1, -1, 1, 1, 1, -1, 0, 1]

