Seeds: [62131, 74231, 18504, 25202, 23877, 81040, 35361, 32793, 51529, 62119, 98428, 51859, 67366, 10436, 72731, 43889]
Maximum Absolute Correlation: 0.304377

Correlation Matrix:
1.000000 0.113396 0.220635 -0.034973 0.044955 -0.166970 -0.304377 -0.141686 0.205339 0.082977 -0.093155 0.199766 -0.232921 0.113302 -0.212871 -0.287046
0.113396 1.000000 -0.158579 0.011811 0.114790 0.165356 0.025515 0.153238 -0.026738 0.074978 -0.011340 0.101494 0.042781 0.128803 -0.152453 -0.062371
0.220635 -0.158579 1.000000 -0.081505 -0.124172 -0.038550 0.037013 -0.046871 0.275270 -0.109941 -0.251685 -0.126195 -0.113698 0.077095 -0.043426 0.086715
-0.034973 0.011811 -0.081505 1.000000 0.036974 -0.017391 -0.064704 -0.210969 -0.242128 0.099932 0.016698 0.189071 0.256892 0.254712 -0.027550 0.146106
0.044955 0.114790 -0.124172 0.036974 1.000000 0.160572 0.004057 0.044955 0.109051 -0.183145 0.004057 0.206862 -0.040177 -0.073944 0.002975 -0.083170
-0.166970 0.165356 -0.038550 -0.017391 0.160572 1.000000 0.138801 0.053024 0.180120 -0.048538 0.057399 -0.075855 0.103347 -0.218325 0.052039 0.146106
-0.304377 0.025515 0.037013 -0.064704 0.004057 0.138801 1.000000 -0.093155 -0.025515 -0.095947 -0.016032 -0.011957 0.085051 0.168331 0.255697 0.172345
-0.141686 0.153238 -0.046871 -0.210969 0.044955 0.053024 -0.093155 1.000000 0.045971 -0.109649 0.202557 -0.029377 -0.113396 0.024034 -0.130264 -0.033579
0.205339 -0.026738 0.275270 -0.242128 0.109051 0.180120 -0.025515 0.045971 1.000000 -0.108588 -0.025515 -0.021529 -0.112299 -0.089862 -0.099788 -0.195618
0.082977 0.074978 -0.109941 0.099932 -0.183145 -0.048538 -0.095947 -0.109649 -0.108588 1.000000 -0.095947 0.017844 0.059465 0.139028 0.147415 -0.082241
-0.093155 -0.011340 -0.251685 0.016698 0.004057 0.057399 -0.016032 0.202557 -0.025515 -0.095947 1.000000 0.072830 -0.099226 -0.120690 -0.049964 0.133267
0.199766 0.101494 -0.126195 0.189071 0.206862 -0.075855 -0.011957 -0.029377 -0.021529 0.017844 0.072830 1.000000 -0.061512 0.117148 0.105217 0.011957
-0.232921 0.042781 -0.113698 0.256892 -0.040177 0.103347 0.085051 -0.113396 -0.112299 0.059465 -0.099226 -0.061512 1.000000 0.026959 0.116419 -0.158762
0.113302 0.128803 0.077095 0.254712 -0.073944 -0.218325 0.168331 0.024034 -0.089862 0.139028 -0.120690 0.117148 0.026959 1.000000 0.214265 0.079401
-0.212871 -0.152453 -0.043426 -0.027550 0.002975 0.052039 0.255697 -0.130264 -0.099788 0.147415 -0.049964 0.105217 0.116419 0.214265 1.000000 0.279209
-0.287046 -0.062371 0.086715 0.146106 -0.083170 0.146106 0.172345 -0.033579 -0.195618 -0.082241 0.133267 0.011957 -0.158762 0.079401 0.279209 1.000000

Sequence 1: [1, 1, 1, 0, 0, -1, -1, 0, 1, 1, -1, 1, 0, -1, 1, 1, 0, 1, 0, 0, 0, 0, 1, -1, 0, 0, -1, 0, 0, 0, 1, 1, -1, 0, -1, 0, -1, -1, 0]

Sequence 2: [1, 1, -1, 1, 0, -1, -1, 1, 0, -1, 1, -1, 1, 0, 1, -1, -1, 0, 1, 1, 1, -1, 1, 1, -1, -1, 0, 0, 0, -1, 1, 1, -1, 0, 1, 1, 0, -1, 0]

Sequence 3: [1, 0, 1, 0, 1, -1, -1, 1, -1, -1, 0, 1, 0, -1, -1, 1, 0, 0, 1, 0, -1, 0, 1, 0, 1, 1, 0, 0, 0, 0, 0, -1, 1, 1, -1, -1, -1, 0, 0]

Sequence 4: [-1, 1, 0, -1, 1, 0, 0, 0, 0, -1, 0, 1, -1, 1, -1, -1, -1, 0, -1, 1, -1, -1, 1, -1, 0, -1, -1, 1, 0, 0, 0, 1, 0, -1, 0, 0, 1, 1, 0]

Sequence 5: [-1, 1, -1, 0, -1, -1, 1, -1, 0, 0, 0, 1, 0, 0, 0, -1, -1, 1, 0, 1, 1, 0, 0, 1, -1, 0, -1, -1, 1, 1, 1, -1, 1, 0, -1, 0, 0, -1, 1]

Sequence 6: [1, 1, 0, -1, 1, 0, -1, -1, 0, 0, 1, 0, 1, 1, 0, 0, -1, -1, -1, 0, 0, 0, -1, 1, -1, -1, -1, -1, 0, 0, -1, -1, 1, 1, 1, 0, 0, -1, 0]

Sequence 7: [1, -1, 0, 1, 0, 0, 0, 0, -1, -1, 0, 0, 1, 1, 0, -1, 1, 1, -1, 1, 0, 0, 0, -1, -1, 1, 1, -1, 1, -1, -1, 0, 1, 1, 1, -1, 1, 0, 1]

Sequence 8: [1, 0, -1, 0, 0, 1, 0, 1, -1, 0, 0, -1, -1, 1, 1, 0, -1, -1, 1, 1, 1, 1, -1, 0, 1, 0, 0, -1, 1, 0, 0, 0, 0, 0, -1, 1, -1, 0, 0]

Sequence 9: [1, 1, -1, 0, -1, -1, -1, -1, -1, 1, 1, 1, 1, -1, 1, 1, 0, 0, 0, 1, -1, -1, -1, 0, 1, 0, 1, 0, 0, 1, -1, 0, 1, 0, -1, -1, -1, -1, -1]

Sequence 10: [-1, 1, 1, 1, 1, 0, -1, -1, 1, -1, 1, -1, -1, -1, -1, 0, 1, 0, 0, 0, -1, 1, 0, -1, -1, -1, 1, -1, 1, 1, 0, 1, -1, -1, 1, 1, -1, 0, -1]

Sequence 11: [0, -1, 1, -1, 0, 0, 0, 0, 1, 1, 0, -1, 1, 1, 1, -1, -1, -1, 1, 1, 0, 1, -1, 0, -1, 1, 0, 1, 1, 0, 0, 1, 1, -1, -1, 0, 1, 0, -1]

Sequence 12: [-1, 1, -1, 0, 0, 1, 0, -1, 1, -1, -1, 0, -1, -1, 1, 0, -1, 1, 1, 1, 0, 0, 0, -1, -1, 0, -1, 1, 0, -1, -1, 0, 0, 0, 0, -1, 0, -1, 0]

Sequence 13: [-1, -1, -1, -1, 0, 1, -1, 0, 1, -1, 1, -1, 1, 1, 0, -1, -1, 1, -1, -1, -1, -1, 1, 0, 1, -1, 0, 0, 1, 1, 0, 0, 0, 0, 1, -1, -1, 1, 1]

Sequence 14: [0, 0, 0, 0, 1, 1, 0, 1, -1, -1, -1, 1, 1, 0, 0, 1, 0, 1, 1, 1, 0, -1, 1, -1, 0, 1, 0, -1, 1, 1, 0, 1, -1, -1, 1, 1, 1, 0, 0]

Sequence 15: [-1, 1, 1, 0, 0, 1, 0, 1, 0, -1, 0, 1, 0, 0, 1, -1, 0, 1, 0, -1, 0, 0, -1, 0, -1, 1, 1, -1, 1, 1, -1, -1, -1, 1, 1, -1, 1, 1, -1]

Sequence 16: [0, 1, 0, 0, 1, 0, 1, 1, -1, -1, -1, -1, 1, 0, -1, -1, -1, -1, -1, 0, 0, 1, 0, -1, -1, 1, 0, 1, -1, 1, -1, -1, 0, 1, 0, 0, 1, 0, -1]

