Seeds: [84077, 59595, 20220, 77713, 54964, 67417, 67233, 26825]
Maximum Absolute Correlation: 0.165833

Correlation Matrix:
1.000000 0.056998 -0.043350 0.032149 0.079401 -0.112091 0.115786 -0.108457
0.056998 1.000000 0.052594 0.111236 -0.088911 -0.121695 0.003937 0.054790
-0.043350 0.052594 1.000000 -0.008900 0.035168 0.026691 -0.005775 0.057620
0.032149 0.111236 -0.008900 1.000000 -0.035500 -0.081985 -0.004997 0.165833
0.079401 -0.088911 0.035168 -0.035500 1.000000 -0.120919 -0.018758 -0.089171
-0.112091 -0.121695 0.026691 -0.081985 -0.120919 1.000000 -0.048331 0.075549
0.115786 0.003937 -0.005775 -0.004997 -0.018758 -0.048331 1.000000 0.010216
-0.108457 0.054790 0.057620 0.165833 -0.089171 0.075549 0.010216 1.000000

Sequence 1: [1, -1, 0, 0, -1, 0, 1, 0, -1, -1, -1, -1, 0, 0, -1, -1, 1, 0, 1, 0, 0, 1, 1, -1, 0, -1, -1, 0, -1, -1, 1, -1, -1, -1, 0, 0, 0, -1, 1]

Sequence 2: [-1, -1, 0, -1, 0, 0, 1, -1, -1, -1, -1, 0, -1, 1, 0, 1, -1, 0, -1, -1, 0, 1, 0, -1, -1, -1, 0, -1, 0, 0, 1, 1, 1, 0, 1, -1, -1, 1, 1]

Sequence 3: [0, 1, -1, -1, 0, 1, 0, 1, 0, -1, 0, -1, -1, 0, 1, 1, 1, 1, 1, -1, 0, -1, -1, -1, -1, -1, -1, -1, 0, 1, 0, 1, -1, 0, -1, -1, -1, -1, -1]

Sequence 4: [1, 0, 0, 1, 0, 0, -1, -1, 0, 0, -1, 0, 0, 1, 1, -1, -1, 0, 1, -1, 0, 0, 1, -1, 1, -1, 1, 0, 1, 1, -1, 0, 1, -1, 1, -1, -1, -1, 0]

Sequence 5: [-1, -1, -1, 1, 1, 0, 1, 0, 1, 1, 1, -1, 0, 0, -1, -1, 0, 0, 1, 1, 1, 0, 0, -1, -1, 0, 1, -1, 0, 1, 0, 1, -1, 0, 1, 1, 1, -1, 0]

Sequence 6: [1, 0, -1, 1, 1, 1, 1, 0, 0, -1, -1, 1, 1, 0, -1, 1, 1, 0, 0, 0, 0, -1, 0, 1, 0, 0, 1, 1, 0, 0, -1, 0, 0, 1, 0, 0, 0, 1, -1]

Sequence 7: [-1, 1, -1, 0, -1, 1, 0, 0, 0, 1, -1, 1, 0, 1, -1, -1, 0, -1, -1, 0, -1, 0, 1, 0, 1, -1, -1, 0, -1, 1, 1, 1, -1, -1, -1, -1, 1, 0, 0]

Sequence 8: [1, -1, -1, 1, -1, 1, -1, 0, 0, 0, -1, 1, 0, -1, 0, 1, -1, 0, 0, 0, 1, -1, 0, -1, 1, 1, -1, -1, 1, 1, 1, 0, 1, 1, 0, 0, 0, 0, 0]

